num_layers:4
parameter:0
dims:['14', '50']
name:coefficient
values:[-0.38781326974191643, 3.866516206495724, -5.7111643118697035, 2.1463044846890758, -4.986394061439296, -1.3652071611406023, -5.366294065359316, -15.17220615593002, 0.29390625860858444, 10.477644860147688, -7.324217395113831, 1.0752727304843495, -1.1736217241904878, -13.9679402087776, -17.142823939220953, 5.037955062206259, -18.031542248399774, 4.753487914922769, -12.093855308947749, -1.9476353169840397, 0.5749994047943523, 3.9801708815708396, -12.374460148667566, -2.7982349017904693, -0.5450689997835021, -1.241307980996883, -2.87654498849788, -5.286058163650436, -7.100530939278255, -2.959467150375436, -4.850250702998018, -8.700017519942003, -5.789185153639328, -11.579292981656051, 0.7533569027530572, -9.248515292945603, 11.750988786944282, -0.2203239128183234, -2.435215484222193, 2.6142355825688974, -2.9651316585750993, 9.45697580870388, -11.728074443433508, -16.81539548286377, -15.377987515116274, -0.5925879749640489, -7.684153512969611, -8.546333468105564, -2.220286691916878, 0.3817464374764916, 3.7696570393382367, -3.8592206023401228, 0.5518296142065622, 10.794858724703865, -1.3252586902725771, 0.9013952140169174, 0.4494742544063231, -1.204622412744454, 6.157968786288082, 4.670278900271028, -5.306237286590759, -5.450881024320457, 3.3265161305008824, -0.6612428745304846, 0.6918619480134129, 3.0723335861191536, -5.075550971630409, 6.042022901617809, 0.20910271863605143, 7.8197122934519046, -6.773146909612606, -6.414577942376471, -5.795834367496026, -0.3676199637123081, 2.1925289104186834, -4.9983820665210335, -2.364503606917243, -1.8290074046354734, -8.136313377764125, 6.77559371392078, 5.043350651416195, 2.3817725393418234, -3.6965686243114337, -3.5743369986642146, -1.8820969566557364, -5.114768748228655, 2.336655292371526, -0.8033143123574241, -3.851487236641732, -0.5031798267814874, 3.5798928309478657, 0.11213404742425301, 0.28072479036916087, 1.878678874220518, -0.20617907018544374, 12.88622278935617, 0.46157195559878184, -5.804204214966219, -0.8126661532500565, 0.6472495098717567, -6.823180440928622, 0.9336663628976088, -0.6330831682837904, 0.48915071062082255, 9.164415860651811, 5.5244266663469395, -2.6487186980641306, -6.206085927706463, 0.08481734493086016, 0.9834378336898355, 2.000653901190631, -17.296706644454357, -6.287381461834953, -1.5404136627084684, 8.674437387861705, -2.1749368675319314, 1.9157799553637131, 8.680478831851227, 7.189021060611758, 7.137043464056446, 5.400818037868493, -1.0520430136837842, 1.6020933143717422, -16.823437559015687, 3.569288922783311, -1.0456897247949424, -0.8126271133342613, -6.644851485463407, 1.0840473600581073, -8.035294097770679, 0.4335727742057487, 7.663935920907798, -8.900963945543957, -0.32319995128646406, 10.20211597952341, 1.7758905783461802, 5.067918691884846, -2.4799715064174688, -14.969270420943849, 5.719219493484403, -8.565979391235702, -3.1571863693889, -5.6726411077036705, 7.3401738023614005, -2.926278685574012, 0.8918195426924875, -5.723307508900622, 7.039400761109189, 2.670942011412169, 0.9767413357401918, 1.0819929199406442, -1.7907909982622596, 1.3814426128447095, 0.4238873361995433, 1.9248646736794461, -12.939001360999804, 13.389653020753782, 10.674391901063407, 8.811347716293085, -0.9067265513487878, -3.19515387103447, -1.7866633328230168, 2.2850252881311635, -1.0684091839601477, -0.5672308175854556, 0.7113345040283605, -3.243349697173203, -4.231658225943727, -8.28752329360164, -11.02442279471329, -1.0598847902380755, -4.077571819565616, 0.5704347793539304, 1.340527476322579, -4.190302850984291, -8.200462627654366, -0.4782520472657671, -5.996265435176645, -2.7137474632162437, 0.9033221120505295, 8.092454742194187, -6.109091393251409, -7.569671619782969, -3.4191647375947447, -5.417506501778062, 5.2835343331703415, 1.8523733935414408, -0.021864158708277636, 4.670451282433495, 5.358658859815255, -1.0539242184346618, 1.8386448803825817, -0.6257549724670538, 0.4501353148949556, -3.461838069700149, -4.414392269972712, 9.025202828557234, 3.0570734324517765, -1.0367565104153378, -3.9960210506016045, 17.52538263703883, -2.935114886543697, 7.023117319083249, 14.298808470842628, -0.029112280326823135, -4.306257034020852, -3.1475421872809948, 2.522353231766886, -2.4138834021345628, -2.4812285313961806, 3.1810393854826593, 5.438681849272471, -6.979810584410677, 8.803700164643894, 1.2921963425607383, 7.39952617804714, 5.391783871731465, 12.64627196191114, 6.817396007851827, -6.136459146949726, -9.444134025894625, 5.358624025627947, 0.34136658238486445, -0.8818690757486943, -4.451362924425894, 0.744539256119836, -5.452623859102112, -2.1099846192785563, 3.3771985181371704, 2.649772364363824, -0.2314343141788443, 8.439249013379785, 3.2550615634334026, 0.1845288572751132, 4.856637048120013, -2.2952980945066983, -6.441051202837471, -0.023264644986278574, 4.770906450154965, 1.2462574986280957, -0.8068841016996282, 11.772700672914155, 8.039341505862662, 3.90152007301231, -4.533458847027082, -7.854912743444836, -3.516474545554744, 3.797573726855023, -0.5508256491032477, -8.141875782947428, -0.12643412540185578, 1.8396411917209106, 2.159021577263011, 4.658446501459505, 0.8838168952248492, 0.18253809808698382, -0.8864360815943828, 3.7326571354934552, -4.294783482594326, -1.1139259841571543, 3.9464123213230153, -4.7093871688230395, -3.641779188524513, 2.3855814276200906, 5.841964654911069, 1.781478203331527, -1.008599472532079, 3.825924613724617, 10.052952275111739, -5.462354341432164, -9.601274825189797, -7.570647774209326, 10.737001980306701, -2.5070934692250324, -6.547193338176098, -0.031058547012229827, -4.803165316880789, -5.213735558519855, -5.22342579293585, -2.4505896854574787, 2.19768824293425, -7.80970083991954, 1.8504704587920935, 0.6227503182697687, 1.376854878358167, 6.614836471922453, -11.334610674915409, 1.5712405444805777, -3.3071456742011267, -3.1840794266893155, -3.4546842934807733, -1.765153620881731, -3.4602812404635395, -3.1023119301954036, 0.08776886121227853, -7.400741842657019, -0.5192797099733996, -2.7597460469991018, 2.170183320869004, -5.086794440716007, -3.565427322630866, 2.378686382869038, -15.192869312256235, 3.516482248680312, -1.1478544401761548, 9.25989240818389, 0.5440684385255182, -2.0092470558626685, 5.599049528650684, 6.321073729769434, -4.330236347448837, 4.379202476498022, -3.371928577436728, -13.154494757105411, -7.532133099792139, -4.975553877206313, 0.7676635581816628, -7.412021758547658, -6.477922327380661, -4.719510786494055, 0.6999377438760555, 3.7196922677615154, -0.10923763830551189, 12.692113864172581, 0.8136866369284199, 5.745088016617873, -4.8835805804228185, 6.431676220681365, -2.855043082097221, 3.6745213832570993, -0.9317503854119699, 0.8618502236579539, -4.9386884606573975, -3.6392828967619355, -5.068411047970647, -9.181840939301113, 4.434459305579463, 2.5815367793746486, 2.744423796065625, 0.8967160848804241, 6.000335363119399, -11.400748169365194, -3.267127096847903, 0.7078829718928922, 3.9284943643203505, 1.6080369680693862, 6.172679706289208, 0.632542540030076, 5.012555162357717, -3.7495734319165073, -0.7604547325471204, -1.3380127815697922, 3.8300079772662214, -2.625424708066974, -8.623222938316625, -4.596137298072017, -2.6807345672930625, 4.447095652019508, 9.565612146146716, 1.983580895470648, 7.465021431222618, 7.276091636784994, -11.296804770285059, 4.181373134219948, 3.2836653739511084, -10.331238724272263, 0.923646600425125, 3.3127880009903965, -5.380369414834128, 4.407446376868359, 5.100959266962015, -0.5545033829436767, -2.39718204532938, 6.986530118489178, 10.973442420405334, 3.4123074255830597, 14.271537314591558, 7.231588934521125, 2.784427567415019, 3.4114237886268826, 2.1731938542070024, 4.528182479507925, 11.505858237606198, -3.7176968357530797, -3.406145288584336, 2.1058653219978334, 11.119103406724554, 1.396300030579214, 15.065263103601707, 10.823465956130606, 0.6040557214583737, -5.7366844312461795, -1.9526940341019987, -1.2908500820514748, 0.8972481458469826, 5.635456162888455, 7.758280427268734, 10.579478552065698, 8.066054986568087, 16.15136414782355, 8.72445061972379, -12.098604802632028, -3.553914139292199, 2.5521173014155556, 0.24735243513069216, 4.901104350525961, -3.2292275044828136, -4.680559093346877, -6.062061687575406, -5.01113780640849, -6.400712018359878, 4.561417882350614, -4.834458581774358, -2.7538609605804307, 3.5481450181814886, 3.3120436788232, 1.1219681502506345, 6.199086675269614, -2.1660396571526426, -3.566724459906735, 0.09243705394415154, -6.6523815767716, 4.111895388449365, 3.104068650845785, -3.5276536498342104, 0.48333067125824986, -10.617839238797531, -8.19810258578663, -0.9488972709016407, -1.780679727212772, -0.1671305946529627, -11.62100391684881, 6.866752691574411, 2.6911291587035855, -1.7579665983677533, -0.3492281789962962, 1.0754693122022818, -1.4743646284984897, 0.3133192258919343, -7.109003876384146, -5.421027624433018, -1.0673775377008525, 1.04708133980572, -1.83680064346639, -4.698167158215391, 0.2915086155769306, -1.783194684954, 0.46030103739963624, 5.2854678690657675, 1.4233315984067962, -3.579535197152813, 5.453094638782954, 2.4324894639435555, -0.5481929666311315, -3.531109486218902, 3.1623145913283945, -3.2303943736084793, 3.8623537333229416, -4.376110283114616, -11.483325663226818, 0.9126185147644119, 2.411487472206741, 7.0467353597098565, -5.473443599088297, -4.464422017184278, 4.265495013442712, 4.380494505064915, -1.6527726641322864, -1.9341014917107904, -4.2185878231870575, -4.03700062774581, 1.8222465624767517, 1.9715439598390556, 2.55912926845088, -3.876647147031363, 3.215773816358285, -10.593960839552429, 4.822953533229432, -1.0675096173228968, -1.7233259474055405, 2.466414507018181, -4.571610019949348, -4.746599690010557, 4.542586158816749, -2.390937520071658, -6.717120260864954, -1.124930015370773, -9.878511233427815, -0.5029794100151457, 4.30364403545532, 0.152000929573647, 1.9258514887845093, 4.497185364104573, -3.6210701212538403, -3.953883156996316, -13.2718912221996, -0.7615545107864332, -2.459525849041104, -1.8682542735863743, 0.10942788645006944, -1.8885542522932004, -2.857086707883122, 0.8627949820468492, -2.016803560284539, -1.677840917665156, -0.36737009579637875, 5.643979153154789, 0.9565765621339005, 3.567084583645904, 5.869117017608499, 0.3589983844460327, -0.560008559667953, 4.2873581589037695, 6.712205027019349, 0.6213938841435105, 8.670521471202685, 7.196934710138211, 1.3102898549579647, -0.3470653951543729, 7.156162776575051, 6.605431703267457, -16.10243504276204, 2.4325531175203086, -0.47733967506888575, 6.115458382520336, 3.6611420128267484, -0.3990661756632602, 0.0046808359461835685, 4.078895522811959, 7.750810700139085, 5.849621398332789, -2.7795684519687014, 4.454272208988791, 5.979686973584464, -5.752674408974309, 6.725258337755665, -2.46246625156006, 0.9400543446427999, 1.0774069967085234, -3.1082078265790045, 7.4174520726802005, 0.581047693662526, 1.6077726176611322, 0.7057912677806686, 1.1571874146550774, 2.5269966931627024, 5.6293882415612515, 0.47991373242147306, 8.273686777226173, 5.303980064884792, 0.21156022361559618, 2.806903463467543, 2.386717859067001, 4.334540072956675, 1.0709538138986217, -2.491114866545033, 5.262139225363772, -0.9120571050050157, 1.1180035234231607, -3.28097984352939, -5.26507171340598, -0.9663321996963289, 5.044712156678333, -2.9340615675846693, 0.8441357845305129, 10.90021934531183, -2.6861081513772294, -7.515756438363332, 10.364060721506604, 4.810287392808745, 6.541944596159582, 5.032120413061851, 4.192871106827939, 2.2925957823342125, -1.5660095476543, 2.417418402780734, 0.705921664788746, -5.189248722450539, -3.1398744231482505, 4.256791501352281, 8.394936461130776, 8.699883491083062, 0.4323983114785143, -7.374171618410683, 0.6265025308160348, 8.420223744116775, -0.5612198432871388, 2.464466296755431, 0.41488780309479617, -2.8551539891592284, 7.7259683031482576, 0.0718869462832999, -2.7526590840454226, 5.601290447173993, 0.9074946308006685, 9.311795176540407, 11.658964780444236, 8.941725998722466, -5.0240670252007575, 7.4982301054348115, 4.022929901812208, -5.3659120610449555, -4.653535802659922, -1.801733458797571, 0.8098432819383822, -2.236737367826604, 5.1571900227558105, -1.295861354383963, -1.411047255418639, -0.3523242786047331, 0.2890386856456826, 5.520142733389265, 1.124863306849462, -4.93700584345488, -3.3119982387934748, 13.456674008375519, 5.64103722663928, -4.764620786027369, -4.112509499440904, -2.5971695176029264, -1.1677088863285499, -2.8960764961078107, -4.029560326391197, -4.499270037332589, -7.603058661240357, 7.489254886986567, -5.1449361555952615, 6.386205535449285, -0.18555403011807164, 2.9822854691481444, 1.5359055937034083, -14.765478554944721, -1.625050434733742, 8.35801367672158, 5.514948504165793, 1.609941176093956, 3.0634958360493236, -1.0580764179381894, 3.8707437966747444, -0.2856560273106544, 5.300625340721228, 0.2141480461820145, -4.598852190876998, -0.3120979832432515, 4.350332312644833, 0.4760340782750337, 11.712094725650235, 4.035949213788497, 2.7766003671430237, -0.5454383189969221, -2.908180997709341, -8.07873059324651, 3.950156537109685, -4.110173106701507, -0.5788641717438571, -5.371088195145419, -0.39856936504941193, -5.006529692412686, -1.9860774458346306, -2.376327293441982, 0.8865435361486272, -3.173423325726135, -3.6965377933593895, 8.118711518690866, -0.8258337082441478, -5.9773236306339745, -6.439830863184739, -10.09722752421295, -2.364965941968034, -5.81316537624989, -8.234954655211705, 5.645249862439406, 5.080982105625738, 1.5886637556246004, 2.6181003101672027, 2.0851234395692537, -3.2945722430634388, 8.743924425668434, -7.008119366465208, 0.68836827823244, -3.1668251211203726, 2.4792801966213265, 6.4459503040225785, -2.158562718450063, -7.439771550236296, 1.9885212047392131, -2.046080854009456, 0.2811110577100719, 3.883627517458392, -3.07703933700223, -0.640387326658166, -1.1830342712522202, -7.040350666607008, 1.3882593441062272, -0.41928773402245856, 9.031897720873118, -4.051020909541033, -0.610037853346731, -11.730648238767285, -11.912829455278906]
parameter:0
dims:['1', '50']
name:intercepts
values:[-4.634015681339543, 1.6347770026515538, -5.447594151237207, -7.736092320926556, -7.920582244741759, -3.2466393382412218, 2.0556165527058754, -1.173669773566371, -3.5289113533306975, -0.22734372171694034, -7.632246024407194, 0.9335161677291961, -1.7511453571549735, -5.123086138940796, -3.419200398562424, 0.5593718149768998, 0.10224339496326622, -7.937985097041627, -0.13586004796562337, -5.590607375196203, -1.7366451824824103, 1.5311383645232128, -6.58719988132023, -2.020213029177361, -3.3769640520382893, -4.180927362320566, -1.5450681561954305, -3.8721991437217596, -6.932168742607745, -2.9093163986557355, -4.880433816385388, -7.191473676533535, -3.3578068678037765, -6.544135184367695, 0.266356293094276, -2.3320285287558735, -3.8312092495825403, -11.302639658828769, -1.890586682242822, -4.4687139308569535, -5.667738930544987, -5.643349292592542, -7.047095093870296, -4.431026782894552, -8.471732828859896, -4.608191686940182, 0.08079081552287921, 1.3790072878243893, -6.457739765230002, -0.6258321481474739]
parameter:1
dims:['50', '30']
name:coefficient1
values:[-0.8852570365609405, -2.100616736638796, 0.4442259808838699, 0.3583771809241012, -0.7419094329268359, 0.10437687713664576, -0.4873584675597643, -3.3672364695521755, -0.43729327182098243, 0.6953485912148714, 2.324304685298243, 2.486446508685227, -0.9385305587564121, -0.29911772767081857, -0.6242284548499615, 0.5624246097733877, -0.40108320119691176, -0.24910975973947622, -0.5994163368630144, -0.6777761678747465, -0.6239757194135576, -0.656985866829148, -0.9648435572268117, 0.7281516236867167, -5.76403560982623, -1.0850498724145168, -3.444643343148647, -1.240095747328613, -2.4681240544505685, -0.6124915269025517, -2.712808432190225, 0.011459752704539666, 0.47760187481205296, 0.4844986438551343, -0.8034652795702558, 0.5850218258028164, -0.6192405972951062, 1.0564991877981642, -0.6468573551634627, 0.7503670731472133, -3.0981662622442685, 3.98738737636319, -0.7875264753733527, 1.3003991459850746, -0.7722981198308699, 0.6594567453098743, -0.3918229108133288, -0.519266387387029, -0.5750253525591377, -0.6771545014760505, -0.5578398307426028, -0.912577949231903, -0.7971507444967632, 4.705487993587176, -0.05432145545046903, -0.7147642427212211, 9.475362785342146, 1.4661632772145778, 1.026192203035573, -0.7895193434968598, 0.2807534150681913, 4.245173241154258, 0.3114539674621628, 0.550087637130374, -0.5367673802915189, -1.9094659209979452, -0.5470588557819723, -4.423079160690752, -0.7278204534633058, 0.5473731653975179, -3.8521545869891516, -1.5105694941501333, -0.9063015689416019, 1.6419035442129992, -0.5230206189128048, 0.6553980617578512, -0.5811225962310496, -0.4666745257493422, -0.5108390529353698, -0.8081053282834568, -0.6579201943994409, -0.7996891640610974, -0.9627974181696812, -2.9982265274669557, -0.6325312846950417, -0.9238443685731949, 2.2774316535575725, -1.850795142903742, -3.5502798895593735, -0.6193923524434031, 4.843769066938097, -3.3707272361574683, 0.2510994182043608, 0.5460908203737673, -0.7537214109775913, -2.7120649201669367, -0.6744447004843718, 1.0148852737393055, -0.5741991214906874, 0.6198718467197237, -1.69939262430856, 1.7502502142706267, -0.9465212074018898, 0.2632507209959469, -0.6004998931530182, 0.405744160779997, -0.6183727668444458, -0.32899863835435145, -0.5504535469538337, -0.9314038033462718, -0.4598186584114077, -0.7957698351053215, -0.8234840808010689, 2.5514569849941116, -3.0090595670824554, -0.9516961325019343, -5.213060327309538, 2.272439134213626, -1.655087956921802, -0.5212903239890737, 1.8601366701203603, 1.9547774104485969, 0.4755831505971989, 0.3542097990538919, -0.8036880265912155, -1.5144804250094508, -0.5100166119500454, -1.139305612264267, -0.7395916739227169, 0.516953243000079, 5.046224189118006, -0.9623698160724241, -1.0193966145646616, -0.6264936167962043, -0.44156022383153, 0.4420765254130508, -0.3637779555618023, -0.569391936403505, -0.7111881305401951, -0.8603218930911115, -0.4913631686438181, -0.6599748039270654, -0.764089160936683, -2.998812939743198, 0.20343126753149812, -1.074845780542072, -7.242623841212569, 0.34208529378655167, -2.1846539615317595, -0.7948741666949626, -0.9251257107724908, 2.8817919985199287, 0.3801060076624722, 0.48078056599485536, -0.6872996657155558, 1.5413195177453742, -0.5300902112153464, 3.8903045265194427, -0.7064167359433754, 0.4933108582924295, 2.922778255630768, -5.290010122521738, -0.7793323061918823, 1.5695330651522788, -0.6348191510593564, 0.29759996992051224, -0.3796946456291302, -0.17000208776986084, -0.5736638069935838, -0.8769763400818577, -0.5604114510506956, -0.7441403564402542, -0.7123570375152433, -7.7680780060721, 3.8197965162346184, -0.871075609183032, -5.665963938430128, 0.6703300968854837, 1.2217959111463448, -0.7015618783469483, 0.5800677934308681, 11.19612343793999, 0.5503256110917165, 0.3427664962573657, -0.7703185131271879, -2.58276761484121, -0.7429856991969207, -9.114155255628416, -0.736626115288755, 0.5877494900747282, -3.039773060686312, -1.454390839411378, -0.7930946900160978, 0.5166887571726816, -0.6558785180104997, 0.3322712404642943, -0.8568163252947373, -0.5097284700884422, -0.5076548459508543, -0.744642871110149, -0.6063871750152061, -0.6950526377934495, -0.9727847867540533, 1.285067048110924, 1.061415526658974, -1.0330283441343446, -0.5283098016302245, -1.4776715574594919, -1.5838579505888843, -0.5751381095953388, -2.619320266619409, -6.4707733057117505, 0.33479622865644904, 0.3575737789325155, -0.7099796000134352, 2.980645095770467, -0.5239403123130791, -0.04911122408424356, -0.5811313550324343, 0.5545228579372374, 6.159776429595639, -2.4849917422818484, -0.7423505371129573, -0.8815384214768918, -0.719065601131992, 0.4063686736854674, -0.5801953057848807, -0.770812451172775, -0.615022432411625, -0.7207131287892632, -0.6715652708520709, -0.643236693213362, -0.9846633434277151, -4.250014400448484, 3.4151337859469586, -1.0116624322262122, 3.858270696757089, 0.052267544086767356, 1.9388820808565372, -0.5328005137040056, 1.9446789919802925, 0.9158491073166862, 0.35100779273487304, 0.3933623577399249, -0.6976221926379498, 1.6504334617647296, -0.4290608217308993, -3.0815943644763486, -0.47354312186793907, 0.5064217792038561, -4.129365599630789, -3.262827588294077, -0.6981984644240327, 1.6631424820922944, -0.4462338769067644, 0.48677571208224124, -0.13319825023862927, 0.0007684139255664064, -0.6884919508946227, -0.7671120253630179, -0.7091713967736375, -0.5930367330218344, -0.7054044949949343, -4.584262007602093, -4.909373851887662, -0.537621793998318, -4.192442332081467, 1.1783749324531343, 3.4831301433163757, -0.7936875043880595, -1.0335154227094252, -0.673190356987985, 0.6516751192915214, 0.5999467961131307, -0.5159963859691622, -3.058155753273294, -0.4603353340660141, -1.783090921660531, -0.6577514731383581, 0.6992135922619539, 6.454426561555066, -5.06986377047772, -0.9334203192584536, 0.4113247783274194, -0.6748510594296763, 0.5848443883118153, -0.5903961243103932, -0.3023788828964562, -0.7247078890680572, -0.8203836482137334, -0.5412957498855178, -0.6478426038281622, -0.9088934377295166, -5.373524289251079, -1.5026866880373673, -0.7327087725543162, -5.34181147684868, 2.185633724720888, -0.6255649448657742, -0.7974578060026138, 2.085321266843737, 2.638385189864434, 0.5681428198411439, 0.47252941778595253, -0.5079944232425527, -1.7615611714321566, -0.5090295965752133, -2.253938688437827, -0.6051857116074201, 0.6425737505200694, 1.1471126355239645, -4.413071798434392, -0.7867203481738051, 1.9683837089710197, -0.5806041682653963, 0.6030580300107563, -0.6202577228163749, -0.6380299887686719, -0.6437739214411461, -0.8579211050818615, -0.6402544656016536, -0.8653476316023504, -1.0131178704637125, 4.050864797140385, 2.546766150459741, -1.0050155383126709, 2.0603275769890517, 2.483342050129292, 1.4564273863567556, -0.5247555524583327, -3.644448798139465, -6.016185444109996, 0.43332490362302417, 0.5075429528303497, -0.5103615510456451, -2.039439985183003, -0.5715450409026267, 1.5013981792258668, -0.46278420209331395, 0.46443962305735664, -6.8861868682792, 1.313308458947578, -0.7849602507328878, 0.5172694952991856, -0.687054979316314, 0.2564409362096251, -0.4794638221077679, -0.5614700638411037, -0.5444746107692844, -0.8011683120898633, -0.7870366263186932, -0.5867387865814142, -0.740667042379619, 3.3228028259011406, 4.8428090895154865, -1.1433483248680374, 0.7745492297023724, 3.189906011924586, 2.4751883915051907, -0.7389338839818921, -2.1895364993381388, 2.0653537903662462, 0.3577716323153841, 0.48541601376467725, -0.637229453829291, 3.058837416248975, -0.7437850115068233, -1.535205517757855, -0.6923538128362035, 0.44038681355153175, 4.114494797319191, 4.84178079585883, -0.745164427089996, 2.0272115176453918, -0.5537605776906761, 0.442970521876771, -0.9611080773580893, -0.4625732989463139, -0.6784700041946342, -0.8547226931751363, -0.5744283464337984, -0.7642401263774794, -0.9922536353305534, 1.950174122573391, -0.14232242598393832, -1.0821136118177157, 6.773644761460476, 3.5831176062283223, 0.507560736120245, -0.6112245286896953, -0.3457671036532187, 4.797916947444921, 0.4514925546690488, 0.3614009100828768, -0.735767323161816, 3.5530970442739918, -0.49560633400107307, -3.663904579720764, -0.48756095403437444, 0.7031450424870038, 5.059420319119759, -5.36984364169825, -0.7996434608513208, 1.9856037305975063, -0.515458062684627, 0.5880634540521043, -0.6412438393544246, -0.3149932448161544, -0.482183909615371, -0.9460817578404827, -0.4861511687144977, -0.9032651051166333, -0.90115866201165, 3.329894024327363, 2.303403272826359, -0.8374819407085953, 1.5577326948660777, 0.10883394089234219, -0.5409028353599432, -0.7345319634485264, 0.13895367152788582, 2.983172072194434, 0.4537102190663164, 0.33119982248407004, -0.6068196501823119, 4.671708584332093, -0.470649690234103, -1.779270940433493, -0.4971614024052359, 0.6179507961038346, -6.84713871782082, 4.877240210795968, -0.8254868787102686, 1.4243608471594085, -0.6345474754299671, 0.6764055772497206, -0.4422484918361226, -0.5453333480286942, -0.6355343338120484, -0.7275136133329337, -0.6900738518179009, -0.754218162649693, -0.9041978953121805, 3.3984728426637383, -3.1747547024954406, -0.8597440803306087, 9.506917697119484, 1.134024156998837, -2.1096961870162287, -0.7801863800603182, 2.897595661443746, 1.987478224843323, 0.2873621039843654, 0.3994810713834526, -0.6689147114732822, -0.2865673715347885, -0.515083696575947, -1.965597608018241, -0.6747201012336423, 0.7645902862423436, -3.3238191696470416, 4.040969820866649, -0.9770738404047195, -0.9719404611087148, -0.46150830837671764, 0.46351002523113266, -0.6198278159179366, -0.4549954315536998, -0.5377880073966752, -0.8437120026825934, -0.4102573001375867, -0.8717855584935027, -0.8914164046681452, 2.390120570713744, -6.624422488568458, -0.9408194642235786, 2.2070838013100507, -3.071531454995144, -0.374511389570851, -0.6885561676775658, 0.1796934132340609, 3.393634124471116, 0.36833253945045996, 0.3082322635316498, -0.6038592130364556, 0.8806596102503887, -0.4599907108865886, -7.164768869254745, -0.4413059050020675, 0.5184047912142251, -1.4466153164906692, -2.194226251641812, -0.7824659709916714, -0.19182814581195629, -0.4491039699306423, 0.5913392262453946, -0.5591523003647973, -0.6508697187728897, -0.445692363131019, -0.7409103010282109, -0.45444752098044305, -0.7749396663866234, -0.9872477805197585, -5.721633570520829, -6.02919474492254, -0.9710769930094826, 1.6270700135249243, 0.7574563304557811, -4.31944243694644, -0.6328730534309622, -2.5370040087742898, -0.26064937219852524, 0.36732042147681176, 0.41525333108948287, -0.8024826843563615, -1.0033792716180387, -0.6060112848499267, -3.825958237043846, -0.5692889976311897, 0.4915512120246525, -0.32585693267232846, -5.412013945611196, -0.7719427529383694, -1.002388959313776, -0.557158373997451, 0.358240706881251, -0.4415675467634475, -0.05494386670584131, -0.71681000928246, -0.7627724658788682, -0.5634681052855295, -0.6827580358838679, -0.8421495564253321, 4.402322219469904, 3.0050142532289854, -0.883225756608138, -2.56466833455566, 2.3556291009870063, -1.725441631344371, -0.7751769343533333, -3.3558744579715865, -3.061222219866928, 0.4449025319793765, 0.4939758473414049, -0.5590555910478763, 0.5609093231947603, -0.6697058005828445, 0.3893587263886594, -0.5393155037025098, 0.6811627783139823, -1.1899663145831973, 4.535576364470346, -1.0093193018875701, -0.10277703923514857, -0.446692285199779, 0.6656920502386164, -0.45991770184940084, -0.36023316029677643, -0.6235647049398634, -0.6918052286328542, -0.6715270850406382, -0.658298388203251, -0.8524675042384118, -1.6163135171068157, -6.30650701625372, -0.9238278852389536, -4.982717004285206, -1.5480107378611088, -6.730542556842291, -0.8043095383528603, 2.150130355225956, -1.3213877365894275, 0.5576894747701158, 0.2935295959533305, -0.5084906532836778, -2.5417987955620855, -0.6948770809018944, -2.7356967238456362, -0.5536025124841097, 0.5730593552391752, 0.49395743166535533, -6.763799102739861, -0.9363812434740856, -2.8445140333216776, -0.42138885947034505, 0.5072863029688809, -0.7703146539324742, -0.34870353306755447, -0.7519886105746203, -0.9275445500604458, -0.689713281389517, -0.7619658619845064, -0.7466702607359269, 0.7221712274779969, 4.635684985471952, -1.0472575431826527, -2.072822654343294, 4.280799921556051, -1.0421351594877144, -0.7876893099191637, 0.8304614164318233, 1.3051383852367198, 0.41927164685250073, 0.4959440780223034, -0.6849917468754414, -7.168461854503923, -0.49840257235252233, 4.251747327602324, -0.7070323032512491, 0.574955627810718, 0.020044233503877875, -6.528508249829624, -0.8018575507362008, -0.005775040948576741, -0.5492153056611712, 0.3506554792320714, -0.3720995474613063, -0.323683962791504, -0.7485446914592124, -0.8533717604380164, -0.5184135819214821, -0.8511198814909544, -0.760086043218657, -3.515963081016232, -0.8540870609954851, -0.9209616310540389, -3.1043451999689378, 0.28521226010136125, 2.7884638074892925, -0.6120444998857525, 3.1357658753601485, -3.3887091202978286, 0.7386434742565197, 0.4294962228277526, -0.64712732191019, 2.9728429522896724, -0.5698079867683162, -0.16670674364677207, -0.4877176577075686, 0.5887475474670278, -2.917332907134847, -2.393225785972774, -0.9713901711243128, -0.9137047839913163, -0.6906798968477511, 0.5766015409614812, -0.6999622600937316, -0.6771044712869622, -0.6022652601115913, -0.7190252770676533, -0.7212185765622997, -0.8718292788593749, -1.0127944911069107, -1.2853621205900092, -2.6016492528506743, -1.0445035972329282, 4.042961661331147, -3.092128293148855, -4.371243864137409, -0.5388585227021145, -1.201351913893444, -1.6140302002407791, 0.3321257255739483, 0.31396644617044506, -0.6284196998352983, -4.751780727925964, -0.708704573207912, 1.0832476836126317, -0.5800838777049622, 0.7645314010485853, -0.1842298756137542, -2.207105804131263, -1.0069847125563494, -0.7769536766808596, -0.35861592639269463, 0.6995802858719417, -0.5640689061581072, -0.364226306110518, -0.5101740182154724, -0.6587429282002335, -0.5389530564075262, -0.7639338814169419, -0.8681412430920056, -2.402979374445017, -8.727518440373345, -1.1435526419322808, -6.335347002578305, -1.401228063051237, 0.18710087332044625, -0.6033920067519849, -0.9971309905764585, -4.743068948639328, 0.5136623730094101, 0.38816035401034304, -0.561003184733219, 0.6610127713801992, -0.5789406693876658, 4.238196516725983, -0.5044258881589043, 0.5823557112769974, -8.027960959622312, -2.645483102700164, -0.7270810939266428, 1.1163005496929197, -0.8097989273793644, 0.4368293017629858, -0.4079416342006501, -0.41223962670986014, -0.759254823968579, -0.7265089016319097, -0.7260682959773271, -0.7073287874389887, -0.9767103474939619, 8.339589350786795, 1.1615135178386113, -0.9723418877639753, -2.1049939062996055, 2.3172048358825466, 7.148886651064863, -0.5451646917182554, 1.7034446823196565, 0.9051312477979486, 0.523811278949787, 0.2364107286700554, -0.7157878663423936, 5.719111333812662, -0.5155723045566518, -4.8244989185960385, -0.5338232191555979, 0.4996647750996097, 5.057699834845968, -1.534378408365194, -0.8271760738578849, -3.8934579597394525, -0.6641761735129773, 0.2778752879505085, -0.4953280229779185, -0.22587207179327037, -0.677597736513339, -0.7738657177540768, -0.7400535803848928, -0.7713801459735435, -0.9504827170901698, -4.2714921169738576, 7.946241035111013, -0.7075167609113475, -1.2448926018684108, -1.3385131114725999, 8.316285249498439, -0.5158186732302706, 0.5620210709387603, -0.4241276247471605, 0.25261997865465813, 0.28888445416554853, -0.7009627502936226, 3.799900287280049, -0.5913073352737102, 2.0491537146734893, -0.6027487599444769, 0.5915466476188557, 0.7268913352778632, -3.432600105623395, -0.6931064963975783, 0.13023933339400667, -0.7196577043111392, 0.18700510670399262, -0.2865244447571852, -0.20335989819524367, -0.7324560635165913, -0.6284968898034099, -0.804907076017999, -0.6018105168145069, -0.8918273772841556, 3.152199430542158, 6.485853124979871, -0.8255836231356549, -2.4173980297744193, 0.30585209987829265, 3.7808791823749197, -0.6164838330691633, -1.763921031617991, 0.2560637706927711, 0.4579263649357404, 0.21818471893608185, -0.691411143619472, 0.11110114234634934, -0.6991209446035678, 6.1620852925476655, -0.7278449923846291, 0.5344201137612781, -1.5769972771775207, 2.086534522544346, -0.7889110601891771, -0.8654008782482406, -0.445550039760615, 0.4210345760990362, -0.22886757895775203, -0.19344064522173499, -0.7844883150682518, -0.708912495017204, -0.5260865236097312, -0.6955137048191401, -0.7623502766336606, 1.983226211032416, 3.0417463007830405, -1.0952762738083464, -6.275499006677082, 4.2833655535543365, 1.7506916891254227, -0.5121069898678039, 2.694119476217234, -0.30347332783256176, 0.4538184826612584, 0.1689007214631826, -0.565961802153878, 2.141226831081082, -0.5534530385474868, 2.3354926294624487, -0.601964023720535, 0.4819272124029552, 0.17194926136756628, -5.695294528447567, -0.7476561891810439, -1.0848453289388216, -0.6993252380315202, 0.1974639368748066, -0.5653347039988539, -0.17889085282282283, -0.6197479471244688, -0.7406624859509243, -0.7597735588695053, -0.7663866029741784, -0.833083281809567, 2.6409378922705202, 5.007843919433207, -1.106631101908246, -2.6946601361981077, 2.248435813870703, 4.340718986437332, -0.569166653439522, 0.2882404752775736, -1.317064489928078, 0.31043158394630255, 0.27308780767873914, -0.5780286649864718, -0.5099682731050214, -0.643051915158027, 0.9667635145684946, -0.7148301958512653, 0.7297552140904439, 1.6815605161683231, 4.033891854310933, -0.9550716603044448, -1.985712062730791, -0.6716280454497677, 0.5496359443150897, -0.5134207947818765, -0.38295285031872417, -0.6641090647819304, -0.7700241269770035, -0.44202388735707976, -0.7250033115433062, -0.8511569598888076, 4.298222791057385, -6.210128958925577, -0.9866846873505095, -4.687258727033687, 2.564974451754165, -8.02812440930504, -0.5893862774357801, -5.400600315867228, 3.458297280273873, 0.46765284755429987, 0.5264283183210909, -0.7586672397892337, 4.7518128738035745, -0.6926520689804756, -3.7775955502902523, -0.7423632746956896, 0.5465568893399554, 4.042005462729709, -7.746845723039278, -0.7629156156278396, -0.34221033345993485, -0.4418059234009651, 0.36133231819121275, -0.6707118267739725, -0.7782526289045962, -0.46915220240583544, -0.6209280318392398, -0.6169031734400511, -0.6235791851034211, -0.8584448712248594, -10.35597834880452, -1.4350220444345834, -0.9216500527896427, 0.515560767975779, -3.2027135063172114, 0.3964952333991981, -0.5695860195722708, -1.6374519008095083, -8.744476114798605, 0.3218994392683611, 0.3645006177639892, -0.7848170715011628, 1.9498487503749946, -0.5831408078282395, 4.710316352670852, -0.6475723497631877, 0.5247236352044586, 4.780553061250615, -2.7380114650758705, -0.6832891806898586, 0.6708199614745021, -0.44575291429192365, 0.5512295613304135, -0.3897050018963332, -0.20149969651316943, -0.7522619844414868, -0.6536229882748894, -0.6928984780700408, -0.6143826675964406, -0.7480763838226145, -4.798196168061749, 3.358566441449333, -1.0602838504849876, -0.09835904938562103, -0.6064993722692276, -2.273119677130934, -0.5702252614958789, 3.022419631457526, 5.975173790182187, 0.4895420553775935, 0.5275972122043354, -0.7717885038254223, -1.8319111165965967, -0.45101743008670814, -0.9614677138126619, -0.5681406375076483, 0.6713427996336834, -2.138993021209592, 4.1123517268846985, -0.8557332117301054, 2.225467618226471, -0.5932254756019427, 0.3738239479111813, -0.5933659284910263, -0.5198550718157929, -0.45546044119638757, -0.770691552430474, -0.44650701775336327, -0.7948952736800908, -0.8970231250529551, 4.844554385826244, -4.189497462851481, -0.8769531126013328, 4.678087144633034, -0.47600599645485103, -0.022288577254757275, -0.6096312286330423, -1.712666489689203, -0.35118439093831555, 0.48742308069776075, 0.36851570202979717, -0.8019879311800068, 1.937785630281937, -0.7502392627666703, -0.9107528671714484, -0.4792244716205607, 0.44199135017781516, 3.9234548510978264, 3.007648480661498, -0.8952020152277953, -0.7865903516058135, -0.5513113036446546, 0.25634950839098236, -0.3435361989402572, -0.213875442565241, -0.5454697328991654, -0.7202067804685639, -0.7239425953791632, -0.6969357126243189, -0.8572201459632937, 2.3538573959035336, 5.747230029439862, -0.8003357109627826, -3.517848894636495, -1.107295001596833, 5.598823944227712, -0.6601592427031437, -1.2800493049409563, 6.326935224587993, 0.5389382281482089, 0.2984123792140466, -0.6715537938471068, 1.1030136451064951, -0.718379176348088, -4.727233236079379, -0.4911634515442398, 0.5126099534087757, 5.062675320564091, -3.132823030251196, -1.017477725609445, 1.324022171918125, -0.36056541415721105, 0.6532927480997307, -0.35408334530034363, -0.4733704548424348, -0.6905802605463316, -0.7698139526135678, -0.5486761018540894, -0.6689505631979956, -0.9868306450129734, 0.7997265353102513, -0.05929316274208937, -1.0015292840983971, -3.0446043556822158, 1.185637708144375, -0.515320365106824, -0.6929794197834108, 0.42523951563774276, -0.8739332032941336, 0.5571067262389438, 0.48744464660899967, -0.6037375188788452, -3.778407897651646, -0.5617741862973479, -4.845966444466949, -0.6990174836736934, 0.7105006332274723, -7.404388289326122, 6.024386319027799, -0.8921784391007486, 0.7624841979470142, -0.5189900171249662, 0.6606221590634581, -0.5399665664502339, -0.45661552999083244, -0.7510584068051436, -0.7926172306716459, -0.687565224024172, -0.7164389979850855, -0.8704815976092081, 2.833329479826378, -3.6444400739442564, -1.0572680403267718, 2.6655541007294943, 0.2545533000349752, 2.2336263561608587, -0.8262606518962633, 3.8268735145832835, -3.028349360559913, 0.351558866503157, 0.2936608021905925, -0.7005391329732432, 1.399673295484475, -0.5274814476745915, -4.459599245789435, -0.6971872395162896, 0.44803190027179135, -3.0208315869104334, 2.9443742134657827, -0.9353394112448984, -0.3336049789961279, -0.6818666197685183, 0.650046144284036, -0.611566512942991, -0.339989996144857, -0.5570521911238732, -0.8265369202188076, -0.6814754655527195, -0.9008577616438666, -0.8148876577707773, -3.3960180640840263, -4.546840078140644, -0.933166851467061, -4.078305000247896, 2.587800964427158, -1.5570771398098484, -0.725620507199009, 1.5144318770313094, 3.8420909494545397, 0.5122830108756987, 0.43537024240346, -0.6132749289768843, -1.687478936504258, -0.7818740037246508, -7.438657137782704, -0.5458776746665076, 0.44087519178839657, 4.787017352316915, 0.23790143716184078, -0.8607959392040452, -1.0981176174629326, -0.5318061744357536, 0.26674633095065575, -0.6290034796089333, -0.5838872421010504, -0.563840507946883, -0.7137720066926488, -0.7761364568695978, -0.6401109464574458, -0.7610402515783014, -4.312481247379996, 4.2188210149219145, -0.9266566913442545, 6.751180421082192, -1.8079036880565573, -3.909988422039731, -0.5704220512530521, 0.7320687190505635, 5.877499294602043, 0.3336852839091688, 0.42911220247594534, -0.49865099919184, 0.7014364182629741, -0.7410966549100862, -9.246798096503754, -0.7287854768478567, 0.6198726294998115, 3.561377565054415, -11.628329692342712, -0.8402412444811936, 0.26131632212737144, -0.51631060143662, 0.47455951993571754, -0.5178625435381228, -0.3760690222137899, -0.6910603398384609, -0.7371920424694786, -0.5810532372908743, -0.6138466213826403, -0.8240863206841753, 4.327064455464162, 4.544680856154777, -0.9298255687023111, -4.336541011846123, 0.6696192437543325, 2.915611327831913, -0.47606139433104716, -2.25847997952936, 1.7853419788095866, 0.49534842523995504, 0.17216305591276063, -0.6523037391050385, 3.123366846246436, -0.5910680040363359, -3.4308493868942116, -0.6870386759312616, 0.5970339004616682, 2.0934633056219374, -0.4222592076325895, -0.7634304730526642, -1.2416425721471755, -0.5517670027981277, 0.18939971898964222, -0.3244770890736913, -0.3884169938860334, -0.7114293078205411, -0.8767626958409908, -0.7269902548718594, -0.6190302402020825, -0.6942023809695324, -5.711171230481433, 4.795909286110104, -0.7510807638530941, 4.083696156826813, -2.988618866679773, 2.374487054807054, -0.6593221358906837, 2.9768103407500517, -0.8384589381516535, 0.4916349694967307, 0.41883626880519825, -0.611062759347313, 5.6632900316389705, -0.6164891864031534, 6.24813875120042, -0.6279602937174188, 0.3746321239780697, -0.3155293832221275, -3.273655634135175, -0.8199928860327211, 2.4162256362801835, -0.59720970288412, 0.5695070197481056, -0.27910405694986334, -0.24734775096775755, -0.6730564889714442, -0.8896960971362995, -0.8411230862820155, -0.7894143572142972, -0.7840640106282597, 6.654548252047979, 1.7102218560764073, -0.9403000821907421, -9.420681782830536, -5.147706438654094, 6.533024166136797, -0.6624706190193549, 2.911038163688157, 0.4128309180107035, 0.4670272391614976, 0.4999787908408099, -0.5014683194303916, 4.532920429654385, -0.5575769181289587, 2.6132376094628675, -0.5785625653655684, 0.6401195677453518, -3.0413908266827065, -3.271938298503932, -0.7232633030198943, 0.6272308478818087, -0.5768970538087298, 0.48843046838614607, -0.45360409976599964, -0.40117910047291394, -0.6879238987781562, -0.9072631638920898, -0.8027178772808565, -0.6270005235009065, -0.9391072366316034, 0.7948902400442442, 6.076734724528312, -0.601382221716209, 0.41046571299737233, 1.6486766329218436, 4.663136486322716, -0.5250440090922674, 1.5036803112997499, 5.830333265308687, 0.4578475070273563, 0.49430379543131103, -0.7978968680491985, 11.373436880516769, -0.5375522539052057, -3.216148371686738, -0.6273765219251126, 0.6846870386213108, 3.229720430001034, -1.7646100715348, -0.8370767098767152, -0.23056703385544672, -0.48997228625223094, 0.5839230958951498, -0.339390454020389, -0.6439069282143249, -0.7365372034765207, -0.8680755292015666, -0.644027495606395, -0.8700244071260079, -0.7193225756955074, -6.166218674413923, 2.5585368705298728, -0.8956591964961222, 7.102239844545102, 2.111014777598979, -2.4673766889301616, -0.6693835193259476, 0.6947622608677577, -2.458249097908707, 0.5796616503535513, 0.39425956837672976, -0.6427588391558627, -2.2883546940140524, -0.6474012090312825, 7.960116193992558, -0.7525516008254429, 0.6132828106855299, 2.53119693600417, -1.3452890221896967, -0.6769378593136872, 1.084648214462805, -0.6323044268732607, 0.3947932851300532, -0.2274956875181619, -0.49720728119730806, -0.6954286162062594, -0.7136662733257243, -0.725510567995757, -0.726638570800415, -0.8707884968210451, -5.775858442551586, 5.38973232177742, -1.3719351079941569, -2.5997527172793222, -1.6170125688471966, -1.1162975942062396, -0.71364935987796, -1.3740983392762391, -1.9566358160691946, 0.4530122674490328, 0.30602703911139195, -0.5388931263571889, -1.672006899137729, -0.7109978880377626, -0.5095539367375768, -0.5786639834986512, 0.472172004459939, -4.307524953902054, 6.732994957883757, -0.9714848597717395, 0.37536877192564877, -0.42551310895151523, 0.5928603938725948, -0.4314184876952715, -0.49535415077505096, -0.5401990591864709, -0.7675359173038816, -0.7085509864080244, -0.7696459347718477, -0.7676076436931786, 0.15802991186246773, -4.259658357628098, -0.7873210096815426, 2.5068516110146866, -1.227748727198019, -0.5864286346414584, -0.714003539072685, -0.6553660442633551, 8.37453166159887, 0.37273312895694755, 0.5674064152508326, -0.5332069732424706, -2.555284729223817, -0.672014326828298, -11.603128373713087, -0.443696086738137, 0.6825780427130307, 0.873081968328525, 4.231200431019476, -0.8310663793387499, 4.567276890357887, -0.5452560393927445, 0.5160787189030587, -0.6795868212200455, -0.3842346692168795, -0.4971690739927835, -0.8250678657217998, -0.49580463712119394, -0.6285133919491683, -0.925323965197836, -0.205302255245887, -5.789306434002089, -0.7166105967525241, 5.358245030340883, -0.11168651794297704, -0.32487333629796467, -0.6891260124551185, -1.4170051856644117, -3.601321969127752, 0.28645104167266233, 0.38581394330549024, -0.5593198496144166, 0.4327027545961648, -0.46883445973356763, 4.236346767401925, -0.6867495792628401, 0.669517134120191, 1.0881070697979287, -2.720070550004997, -0.935102934058981, 1.9313799108096326, -0.5340934014039103, 0.2672750699899551, -0.3622797021805438, -0.06843828955553465, -0.7559511095902163, -0.632536239785526, -0.5465366207683889, -0.7265646512867976, -0.7086438570294734, 3.462807640990943, 5.466050547751682, -0.7790617057031615, 1.2683071031053015, -1.6816892456482535, 1.234310584251354, -0.6556715213051321, 2.4267907089738965, -3.551799741150535, 0.4269984188383531, 0.42942489804125367, -0.5903563423219698, -1.226175569733741, -0.7324048945956797, 8.408131875691463, -0.7194952535969906, 0.631701644081138, -0.9116302962333805, -0.9749974947659602, -0.7786383197476909, 2.172970961323667, -0.6149998801603875, 0.5328896431475811, -0.36581935209135596, -0.3566637838718094, -0.6381398906673138, -0.6661214543490788, -0.7101562988237646, -0.8476118673924071, -0.7877486222387048, 7.577995125258244, 5.238589656324775, -0.9940665074734764, -2.1453661649131237, -1.3622358089521986, -2.2208531061657886, -0.5531920685776766, -0.8342718534060799, -1.661544448868207, 0.37191882870790294, 0.4552276989958291, -0.6707044074625897, -3.3402741574095702, -0.5367482504639695, -2.4341220394792433, -0.536519435206931, 0.5510676983065673, -5.1998649292027554, 7.432612756295088, -0.9699767472961112, 1.501521536496851, -0.6175733842611547, 0.6441248697344144, -0.6697733365097991, -0.6821790771438453, -0.5227870121160494, -0.7838058438893062, -0.6110852722500055, -0.8706568491849139, -1.017693748971559, 0.8660938446906711, 0.7155520060650211, -0.9068767177265872, 6.431662022652098, 4.777253726334746, -2.8161788155482426, -0.6149682276212161, 1.293571332159452, -1.3904056501136608, 0.47293103079799265, 0.4115098400999756, -0.7893884099119738, 1.77790398735364, -0.6115065216373639, 0.9254286366429612, -0.6094837828029901, 0.49991329659720274, 2.215250864554346, -5.260277903541618, -0.8686080306606568, -1.4987012135202595, -0.5230510796896475, 0.5620290559559852, -0.4109175570095577, -0.2837385071912112, -0.6998142490220782, -0.6411651106092158, -0.5723714467043356, -0.6588966972241426, -1.0163119901271065, -0.15483631049120655, -2.3489314835746833, -1.109113903486144, -2.649658044066559, -1.2951010440373176, 5.6098017035238765, -0.765761877103089, -0.06109145976515681, 3.662768931320714, 0.30014557185626967, 0.29078373784841705, -0.8240289012467198, 1.071695391269644, -0.6595938080475485, -0.673232155034069, -0.6809297565694855, 0.5157421891792995, 0.8674723820301934, -5.817381742977844, -0.7381686579790346, -0.8142257319299883, -0.5184001486342191, 0.49425659115144344, -0.43883201014305667, -0.5251829560655884, -0.7566954264883868, -0.8664867976209945, -0.533166106000968, -0.9063920004745996, -0.8399870407904947, 9.466096717406552, 5.25845815996098, -0.8806329394079149, -1.0437211750377302, -1.2251807153827323, -1.7841693577389899, -0.7741745336407283]
parameter:1
dims:['1', '30']
name:intercepts1
values:[-1.1485314360847791, 0.7009153771356836, 0.5089311951283116, 0.5136142900257997, -0.5397618884651633, 1.0053777174151295, -0.5948630369257216, -0.9134691149317543, -0.6683040332090975, 0.5509647508181718, 2.3387363504797314, 1.5659496895880016, -0.7316247538754266, 0.009568552868760733, -0.5482496656146353, 0.48508100183974956, -0.492496447701576, -0.3414417066387993, -0.6952250952051104, -0.7646324680130886, -0.7260153076061592, -0.7889970533136443, -0.863273526563341, 0.5381980612770042, 0.39824231421514455, -0.9141315180484982, -0.44265382520997015, 1.0869618125951361, -1.453060684698726, -0.7815944485101187]
parameter:2
dims:['30', '5']
name:coefficient2
values:[0.0988523295378179, -1.0601947421574736, 2.0221071029922397, -2.9241796207614192, 2.139592000789901, 0.28264507891128776, 0.2410561893111055, -2.614405870945292, 4.875010174724757, -4.393496361418932, -0.2545219219314221, -0.5113628398916991, 0.20609242856120283, -0.4605758273051914, -0.5128227526405068, -0.5415556816252745, -0.5419125443877331, 0.12738328765835152, -0.6576999033339428, -0.34150418294909335, -0.35456100819827363, 0.18713740956615993, -0.5841152042850237, -0.621308830012322, -0.36830841653904156, -3.17056041752888, 2.7340339758938, 1.5874585097834288, -3.908396621298325, 0.7701404750739177, -0.5109209949221014, 0.18710234191986802, -0.5900481010093159, -0.43559290188920546, -0.34111131435475284, -5.272146127085021, -0.22506291966780237, -3.896303623731412, -5.306269306123638, 7.363315011119291, -0.3179053178562329, 0.10493422736524, -0.5377251662665931, -0.6251491247851492, -0.42247069631965306, -0.0993786930961631, -0.26101833167169153, 0.04254583881387424, -0.4148567718356333, -0.5109778837899043, -0.9969793367553197, -2.6810399048102007, 5.277184338593954, 1.9378361838079692, -2.5530181956136992, -6.411551905659244, 5.409620494794248, -5.70009229429822, -1.375628645491319, -1.0075303305556336, -0.38301646460192496, -0.16185329960811085, -0.7937471366797747, -0.5722974471722143, -0.35510410900763584, -1.586307732927107, -0.7352031302873441, 0.4157302498631395, -0.4635302031617236, 0.6869137621463691, -0.43873059589656865, 0.38040563604649796, -0.5326445428454901, -0.34653435467732185, -0.4643133951082291, -0.49767207562711385, -0.20623395174500864, 0.08671474892681899, -0.4840432707564421, -0.4555984282408984, -0.2558769419015818, -0.06161931014718514, 0.03725972740330241, -0.12332851799521381, 0.2634500595944409, 0.017738912250652966, 0.11848586897500471, -0.36449253946646853, 0.1462257885698097, 0.03154941466293779, -0.45720652595626365, 0.17589822452975415, -0.49831712992818333, -0.5897569456464893, -0.5002047852424989, -0.6245520509831679, 0.09312658759431464, -0.45508281917315285, -0.5606763158796263, -0.4364077547973822, -0.37597286806303776, 0.22512836571483255, -0.39106408083573824, -0.5870142206834774, -0.6683770740116969, -0.4548639731993863, 0.09949548603230148, -0.5438156772171947, -0.4088260438103309, -0.47977284486433297, -0.5800751355016814, -0.14261299302439207, -0.6274035496999568, -0.6965128980124987, -0.388389321820665, -3.304570210923452, 2.716046374529703, -2.602044700510555, 4.3907142253011315, -1.7490121526224935, 6.79572998204317, -3.5489250751549815, -4.37738576827588, 0.14515140947999763, -0.22368355727922618, 0.3949031581012669, 0.3081993958280943, -0.40984209031089774, 0.48303690813782846, 0.043073417450396265, 6.886516101757424, -0.03390461483749685, -5.621206019874678, -8.911087443134688, -1.6242752467401658, 1.7100223906394056, -1.089668600161174, -0.5843293943416695, -2.4655964236623453, 1.1128438734537205, -2.558105068268743, -0.02550076672599811, -4.192885317824099, 4.644704094162604, 0.38791693501353147, -0.3311142192566611, -0.032459109056277594, -0.37372098167365647, -0.6275593502433963, -0.3920312571731043]
parameter:2
dims:['1', '5']
name:intercepts2
values:[-0.3608992538981666, -0.25402209036981827, 0.19666450401160693, -0.6678724445380664, -0.21602420317730064]
