mean:1.119327731092437,1.4141176470588235,1.9442016806722688,1.4699159663865546,2.9934850651136133,4.181119648889411,2.7113426149633617,3.7315510759462187,15.0,3.0,50.215023022857146,57.3758940302521,52.41951916033614,56.28342565714286,0.7277310924369748,1.9579831932773109,23.090084033613444,20.85075630252101,13.429579831932774,24.736470588235296
std:0.9428436614324007,0.8223367113484832,1.3239535241521216,0.6648579753542356,4.827396138625183,5.386192503395393,4.336744657234909,4.585777241191861,0.0,0.0,44.1620095743602,37.4384026238042,40.310944573996125,36.63032656850684,0.4451275654657461,0.20062750229098017,24.55392869336092,24.297897241374123,8.33336912658556,1.980865861197905
